9

Fo'rmae solutae.
-εομένης 1. 1. 144. 204.
2. 11. 15. 41. (-ευ- ΑΒ)
6. 103. -εομένῳ 2. 15. 154.
3. 10. -εομένῃ 6. 20. 61.
-εομένην 1. 56. 57. 76. 2.
9. 49. 148. 158. 181. 3. 9.
4. 8. 9. 76. 123. 147 (bis).
5. 57. 6. 107. 7. 25. 30.
94. 123. 6. 44. 76. 96.
-εόμενοι 1. 171. 4. 59. 109.
5. 80. 92 β. 6. 79. 7. 40.
85. 134. 9. 32. ἐπι· 5. 92.
-εόμεναι 5. 18. 7. 198.
-εόμενα 5. 53. -εομένων 1.
67. 3. 5. 7. 155. ἐπι· (i. 22.
1. 187. -εομὲνοισι 1. 57.
2. 81. ἐπι· (i. 26. -εομὲ-
ιῃσι 1. 151. -εομένους 3.
38. 93. 7. 80. 188. 8. 113.
-εομένας 3. 155 (bis). 158.
5. 118.

. τελέω.

ἐτέλεον 6. 53. ἐπ· 1. 115.
169. 5. 84. 7. 121. δι-
7. 153.

τελέοντος. ὑπο· 1. 171. -έον-
τες. ἐπι· 2. 63. 4. 26.
τελεόμενος. ἐπι· 5. 1. -εό-
μενα 1. 206. -εομένων 9.
93. -μένας 7. 187.

⁶ . εἰλέω.

α’πειλέοντος 3. 51. εἱλέοντο
8. 12.

Formae contraetae.
Ο

καλευμένην 2. 97. 7. 170
(-εο ΑΒ C d).

καλεύμενοι 4. 93. 7. 77.

προ· 9. 48.

-εύμειά 2. 118. 4. 20. -ευ-
μένων 3. 106.

-ευμέιάς 4. 85. 5. 31.

τελειῖμενον. ἐπι· 2. 152.
-εύμενα 3. 134. -ευμὲνων
7. 16.

εἱλευμένων 2. 76.
2

