4

Formae contractae.
90. 6. 13. 101. 104. 7. 70.
119. 138. 193. 218. 8. 3. 7.
ὲ. 10. 16. 21. 69. 93. 9. 53.
63. 77. 92. 94. 101.

ἐποίευν 2. 93. 108. 3. 27.
146. 4. 4. 112. 113. 128.
5. 114. 6. 6. 12. 14 (bis).
32 (bis). 39. 77 (bis). 97.
7. 119. 168. 238. 8. 64. 76.
99. 141. 9. 22. 25. 54. 57.
82. 99 (bis). ὲξ- 2. 125.

ποιεῦμεν 4. 3. -εῦμαι 2. 86.
170. 7. 99. ἐ-μην 1. 118.
4. 16. 7. 113.

ποιεύμενος 1. 127. 161. 3.
4. 25. 155. 4. 147. 5. 25.
30. 35. 42. 65. 6. 4. 12.
61. 7. 35. 58. 157. 222.
8. 58. 68 β. 79. 105. 134.
9. 45. 92. 107. -μενον 2. 68.
150. 161. 162. 3. 14. 78.
5. 23. 7. 209. 226. 8. 100.
9. 16. 22. 47. 53. 110.
προς· 2. 121 δ. -μὲνου 3.
158. -μὲνῳ 5. 52. ἷμὲνῃ
2. 124. -μὲνην 2. 121 γ.
6. 61. -μενοι 2. 16. 161.
3. 102. 4. 70. 142. 200.
5. 68. 100. 6. 95. 7. 180.
223. 9. 7. 51. προς· 3. 2.
-μεναι 2. 58. 133. -μενα

· 1. 61. 2. 49. 96. 3. 14. 137.

5. 12. 19. 8. 80. -μένων 3.

Formae solutae. .

’ ἐποίεον 4. 130. 5. 1. 7. 36.
8. 115. 9. 6. 11. 104.

ποιεόμενος 1. 73.

ποιεόμενα 1. 37 (-ειῗμενα A)

