5.
6.
7.
8.
9.
10.

11.

14

Formae solutae.
ἐπιθυμέω. -ἑοντα 1. 116.
4. 166.
μιμὲομαι. -ἑονται ,2. 104.
γαμέω. έοντες 4. 172.
κοσμέω. ὲ-εον 4. 180. -ἑον-
ται 7. 209.
οἰκοδομὲω. -εον 2. 125.
8. 71. ·
ὁρμὲω. ὥ-εον 7. 22. 188.
-ἐοντας, ἐφ· 8. 81.
πολεμὲω. ἐ-εον 5. 94. -εόν-
των 5. 95. 6. 98(

. λυπέω. -εόμειός, ὑπερ· 8. 90.

. οἱκέω. -εον 1. 145. 166. 2.

51. 4. 114. 159. 5. 57.
(ἱ. 21. 86 α. 7. 94. 8. 73.
συν· 1. 146. περι· 5. 58.
-ἑοντος 1. 175. -ἑοντα 1. 4.
-ἑοντες 2. 13. 18. 69. 180.
3. 99. 4. 8. 10. 18. 157.
180. 185. 197. 5. 49. 7.
101. 110. 9. 122. ἐν· 2. 66.
-εόντων 1. 134. 3. 93. 4.
95. 5. 3. 78. 7. 115. περι-
1. 57. -ἑοντας 1. 76. 134.
191. ,2. 144. 4. 11. 5. 98.
ὑπερ- 7. 112.

-εομὲνης 2· 32. 34. 5. 52.

-μένῃ 4. 204. -μενον 4. 25.
-μένην 1. 151. 2. 17. 4.

110. 8. 32. -μὲνων 3. 106.
107. 114. -μὲνας 5. 26.

Formae contractae.

λυπεύμενοι ,9. 94.

οἰκεῦντες 4. 157 (-εο-

AB).

